rows=1,989,266  period=2011-01-02~2026-10-09  markets=34  varieties_raw=18
rows by year: 2011:132,075, 2012:126,883, 2013:129,807, 2014:121,977, 2015:126,602, 2016:141,025, 2017:132,512, 2018:129,574, 2019:131,253, 2020:127,806, 2021:117,254, 2022:121,700, 2023:123,666, 2024:120,892, 2025:123,703, 2026:82,537
variety_std share of qty: 기타:25.7%, 가을:18.0%, 월동:13.4%, 봄:12.6%, 고랭지:9.8%, 여름:6.9%, 쌈:6.0%, 저장:6.0%, 절임:1.3%, 기타부산물:0.2%, 수입:0.2%
raw variety → std: 쌈배추→쌈; 기타배추→기타; 월동배추→월동; 봄배추→봄; 김장(가을)배추→가을; 여름배추→여름; 고냉지배추→고랭지; 저장배추→저장; 우거지→기타부산물; 배추→기타; 절임배추→절임; 생채용 배추→기타부산물; 배추뿌리→기타부산물; 배추(수입)→수입; 배양채→기타부산물; 우거지(수입)→수입; 겨울왕국→월동; -→기타
top markets by qty: 서울가락:2444kt, 부산엄궁:526kt, 서울강서:441kt, 대구북부:416kt, 구리:396kt, 인천삼산:346kt, 광주각화:315kt, 광주서부:275kt, 대전오정:274kt, 인천남촌:246kt, 대전노은:190kt, 부산반여:189kt
grade values: 특:1,166,624, 상:434,590, 없음:118,704, .:117,270, 보통:99,627, 등외:23,873, 4등:17,297, 8등:4,528
unit top: 10kg그물망:356,288, 8kg상자:311,887, 10kg상자:200,220, 2kg상자:109,010, 1kg상자:81,065, 4kg상자:70,049, 12kg그물망:53,629, 8kg그물망:53,512
unit_kg 파싱 실패 행 비율: 0.2% (물량 기준 0.0%); 미파싱 단위 상위: 12g접 1개:1,220, 12g접 2개:1,214, 12g접:337, 12g접 3개:191, 10:172, 10g접 1개:141
가락 '특' 10kg그물망 kg가중가×10 (단위 보정 후) vs clean_daily(KREI 상품): n=4,553, log corr=0.962, ratio median=0.847, IQR=0.789~0.905
  연도별 ratio 중앙값: 2011:0.81, 2012:0.78, 2013:0.82, 2014:0.83, 2015:0.98, 2016:0.93, 2017:0.92, 2018:0.83, 2019:0.87, 2020:0.86, 2021:0.84, 2022:0.87, 2023:0.82, 2024:0.85, 2025:0.81, 2026:0.77
  연도별 log corr: 2011:0.98, 2012:0.92, 2013:0.84, 2014:0.96, 2015:0.97, 2016:0.97, 2017:0.91, 2018:0.99, 2019:0.99, 2020:0.99, 2021:0.98, 2022:0.99, 2023:0.93, 2024:0.98, 2025:0.86, 2026:0.94
가락 일별 총물량 vs clean_daily quantity: n=4,726, corr=0.723, ratio median=1.004
저장배추 연도×시장 물량(t):
market   광주각화    광주서부     구리   대구북부   대전노은   대전오정    부산반여    부산엄궁     서울가락    서울강서     수원     순천   안동     안산     안양   울산     원주    익산    인천남촌   인천삼산   전주   진주  창원팔용      천안    청주    춘천   충주
date                                                                                                                                                                                         
2011     40.0  6887.0   15.0  352.0    0.0   28.0  2088.0  6546.0  27294.0  2928.0   16.0  123.0  0.0   58.0  630.0  0.0    3.0   0.0     1.0    0.0  0.0  0.0   8.0  5886.0   0.0  24.0  0.0
2012    231.0  3787.0  244.0  246.0    0.0    2.0   225.0  6361.0  11205.0   392.0   92.0    7.0  0.0  126.0  169.0  0.0    0.0   0.0     0.0    0.0  0.0  0.0   6.0  3344.0   0.0   0.0  0.0
2013    136.0  3590.0    0.0  188.0  274.0    3.0   485.0  7150.0   7999.0    12.0  150.0    0.0  0.0   94.0  372.0  0.0    0.0   0.0     0.0    0.0  0.0  0.0   0.0  3266.0   0.0   0.0  0.0
2014    342.0  3308.0   11.0    6.0    0.0    0.0    24.0  9614.0  11505.0     0.0  311.0   34.0  0.0    0.0  277.0  1.0    0.0   0.0     9.0    0.0  0.0  0.0   0.0  2944.0   0.0   5.0  0.0
2015    338.0  3312.0  609.0    3.0    0.0    0.0  1426.0  7022.0  13128.0     0.0  307.0   99.0  0.0    0.0  127.0  0.0    2.0   0.0   507.0    0.0  0.0  0.0   0.0  2474.0   0.0  26.0  0.0
2016      0.0  3344.0    0.0    0.0    0.0    0.0     6.0  4840.0  12546.0     0.0   15.0   19.0  0.0  219.0   38.0  1.0    0.0   0.0   206.0    0.0  0.0  0.0   0.0  1763.0   3.0   0.0  0.0
2017     66.0  1028.0    0.0    0.0    0.0    0.0  1340.0  6260.0  11071.0     0.0  208.0   80.0  0.0   43.0   62.0  0.0    0.0   0.0   569.0    0.0  0.0  0.0   0.0  2570.0   0.0   0.0  0.0
2018    181.0  3855.0    0.0   26.0    0.0   44.0     3.0     0.0  16054.0     0.0  150.0   77.0  0.0  388.0    0.0  0.0  605.0   0.0   535.0    0.0  0.0  0.0   0.0  2581.0   0.0   0.0  0.0
2019     11.0  3489.0    0.0    0.0    0.0    0.0     5.0     4.0  16624.0     0.0  508.0  440.0  0.0  361.0   84.0  5.0  353.0   0.0  1132.0    0.0  0.0  0.0   0.0  2543.0   0.0   2.0  0.0
2020     23.0  3244.0    0.0  172.0    2.0    0.0     0.0     4.0  12930.0    22.0  228.0  494.0  0.0  319.0   85.0  4.0   68.0   0.0   703.0    0.0  0.0  0.0   0.0  3193.0   0.0   0.0  1.0
2021    673.0  2609.0    0.0    0.0  314.0    0.0     0.0     1.0  11799.0     0.0  135.0  443.0  0.0  408.0  241.0  0.0    0.0   1.0   519.0    0.0  0.0  0.0   0.0  2468.0   0.0   0.0  0.0
2022    194.0  2324.0    0.0    0.0    0.0    0.0     0.0     0.0  13890.0   265.0  175.0  442.0  0.0  684.0  403.0  0.0    0.0   0.0   142.0    0.0  0.0  0.0   0.0  2571.0   0.0   0.0  0.0
2023    354.0  1902.0    0.0    0.0  395.0  380.0     0.0     0.0  12498.0     0.0   29.0  171.0  0.0  314.0  355.0  0.0    0.0   0.0   295.0    0.0  0.0  0.0   0.0  2298.0   0.0   0.0  0.0
2024    201.0  1830.0    0.0    0.0   96.0  116.0     0.0     0.0  18300.0     0.0   75.0    0.0  0.0   76.0  240.0  0.0    0.0  10.0   330.0    0.0  0.0  0.0   0.0  2200.0  10.0   0.0  0.0
2025    199.0  2108.0   10.0    0.0    0.0    0.0     0.0     0.0  27280.0    11.0   62.0   64.0  0.0  100.0  282.0  0.0    0.0   0.0   310.0   10.0  0.0  0.0   2.0  2204.0  14.0   0.0  0.0
2026    390.0  1076.0  463.0    0.0    0.0   11.0     0.0     0.0  21085.0    82.0   60.0  821.0  0.0    0.0  425.0  0.0   73.0   4.0   454.0  320.0  0.0  0.0  24.0  1089.0   0.0   0.0  1.0
저장배추 7~8월 연도×시장 물량(t):
market  광주각화   광주서부    구리  대구북부  대전노은  대전오정  부산반여    서울가락  서울강서    수원    순천    안양   울산    원주  인천남촌  인천삼산     천안   충주
date                                                                                                                
2011    38.0  999.0   0.0   0.0   0.0   0.0   0.0     0.0   0.0   0.0   0.0   0.0  0.0   0.0   0.0   0.0  996.0  0.0
2012     0.0  464.0   0.0   6.0   0.0   0.0   0.0     0.0  23.0   0.0   7.0   0.0  0.0   0.0   0.0   0.0  499.0  0.0
2013     2.0  472.0   0.0   0.0   2.0   0.0   0.0     0.0   0.0   0.0   0.0   0.0  0.0   0.0   0.0   0.0  354.0  0.0
2014    12.0  569.0   0.0   0.0   0.0   0.0   0.0     0.0   0.0   0.0   0.0   0.0  0.0   0.0   0.0   0.0  439.0  0.0
2015     0.0  378.0   0.0   0.0   0.0   0.0   0.0     0.0   0.0   0.0   0.0   0.0  0.0   0.0   0.0   0.0  360.0  0.0
2016     0.0  467.0   0.0   0.0   0.0   0.0   0.0     9.0   0.0   0.0   0.0   0.0  0.0   0.0   0.0   0.0   77.0  0.0
2017     9.0    0.0   0.0   0.0   0.0   0.0  32.0     0.0   0.0   0.0   0.0   0.0  0.0   0.0   0.0   0.0  264.0  0.0
2018     0.0  470.0   0.0   0.0   0.0   0.0   0.0     0.0   0.0   0.0  30.0   0.0  0.0  51.0   0.0   0.0  202.0  0.0
2019     0.0  461.0   0.0   0.0   0.0   0.0   0.0   109.0   0.0  21.0   0.0   0.0  0.0  33.0   0.0   0.0  399.0  0.0
2020     0.0  346.0   0.0   0.0   0.0   0.0   0.0     0.0   0.0   0.0  21.0   0.0  0.0   0.0   0.0   0.0  343.0  1.0
2021     0.0  285.0   0.0   0.0   0.0   0.0   0.0     0.0   0.0   0.0   0.0   0.0  0.0   0.0   0.0   0.0  234.0  0.0
2022     0.0  200.0   0.0   0.0   0.0   0.0   0.0     0.0   0.0   0.0   0.0   0.0  0.0   0.0   0.0   0.0  260.0  0.0
2023    11.0   87.0   0.0   0.0   0.0   0.0   0.0     0.0   0.0   0.0   0.0   1.0  0.0   0.0   0.0   0.0  211.0  0.0
2024     9.0  122.0   0.0   0.0  11.0   0.0   0.0  1546.0   0.0   0.0   0.0   2.0  0.0   0.0  10.0   0.0  234.0  0.0
2025    51.0   36.0  10.0   0.0   0.0   0.0   0.0  5572.0   0.0   0.0  64.0   0.0  0.0   0.0  98.0   0.0  164.0  0.0
2026    67.0   93.0  32.0   0.0   0.0   1.0   0.0  3929.0  77.0  14.0  11.0  46.0  0.0   0.0  67.0  19.0  139.0  0.0